111 1521. 5
¹ '8112 811111 1111111111. ·) 11111111.

11 11111 1111111111.

9111116111111111111 11111111 11111111111111 1111 1111111 11 11111
1111151111111111111111111111111ε1111ι111111111111111
11 11111111 manat-mum. 1521. mmm. 1v. 317. 31111111.
1111111. 111111. 1111111111. 11111111111111. &mammona
1111111111111111111111111111111 111 111 11111111111111111 11111 111111
1111 1111111111 1111111 111111111111111111111111 1111111111.
11111111111191111111111 11111 mmm. va 11 111 111111 &maim

11 11 1111 11 1111111111 1111 111.

1. 111111. 111. 111.

11 111111 1111 1 1111
y 11111111 111 1111111111 1111111111111111111111. ⁴

‘fit-n·- 1

sm 11111. 61111111. 6. 11 11111 1111111 1111111111 1111111 111
1111111111 1111111111 11111111 1111 111 111111 11111. m.

bem 11111111111111611111 511111311111111 11111111
111111 111 6111111111, 11111111 11111111 61111.

’ 91111111111111 11 111111111111111111111111111. 1111
11111111, 11111111 11111 111 111 1. 11. 1111111111 111 11111

1 11111111111111111111 11111111111111 111 11111111 11111111

111 11111 aud) um'qefebcm 1111111111111111111 1111 11111111

. ,111 111 11111111, 111 1111111111111111 111111 1111111111

’611111 1111111. 1111111111 111 11111 1111111111 111111 11111
111111 (1 1. 1111111111 111 1111111111111111111111 111111
’ 1111 111 11111 11111111111111111111111. 11 11 111 6111111
111 11111111. 111 1111111 11 11111111111111 11111111 1111.Ι vemt
11111111111111 1111 111111 111 111 111 11111111 111 11 11111
1111111 1111111111 1111111, 11 1111111111 1111111. Μ 111
1 111 11111111 111111 111111 11111 1111 111 1111111111 1. 0. 1111
11111 111111 111 111 1111 1111 11111 1111111 1111111111111111111-

*ΜΗ-ιι·-

11)111111111111111111111111111111111 11111111111111111111 11111.
1111111111111111111111 &unt 111· amn„ 11111,

 

