1525.- , '55‘

· 11111 1111111111 1111111 111 111 111ιὶ 111 111111· 11111 “

11111111 1111111 11 1111111 &tota 1111111111111 11111 111111 1111111111 er:
111111 11 1111111111 1111111 11111111. 111 1111111111 herm (1111111111111 11.
11 11111111111111111. 1511. 1111111 11111 111111 (111111 1111111111 11111111.
lxxmo: 1111. 1111111 1111111111311111. 11111. 11111. 311. 1111111111. ,
601.11111111111’1111.11.531. 111111111111111111111111111ε11111111(111.,

· 111111 379 Bi.b1 11111 1111111111.

Dm 111111111111111 6111111111 8111111 111 &cmv
61111 1111111111 61111111 1118111111 1111111111 11
witam) 1111 1111111111 111 1111111111 11111111 111·

&nab 111 11111 11111111111111111111111 1111111111. 111

11111 1111111111 wicum 111111 1111111111 1111111111 111111 7

11111111 11111. 11111 111111. 1111 1116111111 111 ’11111 11111 111

1111111 1111111111 1111 1111 111 1111111111 11111111 111111) 1111 , '⁸
1111111111111111111111. 11111 1111111 11 111 11111111 11111 111

1111 1111111111 1311111111 111 11111111 111111 1111111 111 11111

11111111111111111111111111 1101111111111 11111111 1111111111111 ’ -

1111111111.(6111.6)01(.1> 111111111111·11111111111111
111111. 1111111111111111111111111111111111111111.
1111111111 111 1111111111 1111111111 11111111 6111111 1111111111.
’11111111 11111 11111111 1111111111 11111111 1111111 1111111111.
111111111111111111111111 1111111111111111111111111111 ·
111 18111111 2) 111111 1111111111 1111111 1111111111 11 11111 111111 ¹
11111111 1111 1111 1111 11111111 1111111111 111111111111111111111
sum 1111111 111111 11111.

6111111111 1111111 111 111111 11111111111111111111
,11111 1111111 1111111 1111 1111111111 11111111111111111111
1111. md) 1111111 1111111111 111 1111111111 su 11111111. 111
11111161111111 1111111111 111 1111. ³) 111111 1111111111 11111111 111 ,
11111) 1111111111 11111 1111111 11111 111 11111 ,111 111111 111
1111 111 111111 11111111, &oran 111111 1111111 1111 111 111111
11111111111111.’ .

1111 111 1111 11111 111 1111111111 11111111 1111111111
1111111111 11111 11111 111 111111.11111111111111111111
1111111111 6111111111, 111 11111 1111111111 11111111 11111 101

11 111111111111111111111 11111 111 11111111. 2111111. 11111 1111
1111111111 1111 1111111111 11 1. m» 11111 1. 1111111 1) 11. 1111111.

 

