16

mihi Satanan reete 33333333, in quo benevale. Μῑ3333333333

ium de militari christianismo. Witenbergae, calend. Januarii
MDXXVH ·’ ’

Martinus Lutherus.

33333333. ’ ⁸ 33 13333333.
3333333333333333 ”” ’

33333 6333333 3333 3333333333 33333333 33333 33333 333 33333 33 333 33 3333336333
33333333 3333. 33. 3. 3. 3333. 153 333. Dccxl.) 333333333333333 3333 33333 3333·

ieniemunmsuteoemiiaii6666),616226666666116666'6 , ¹

333· 3333333333 33333.

mm

333333336633333 mmmmm 6 333 33633333363333

unanime 6 67. 333333333363333333· 333333333333333. 3. 333333336333 ’

3333 63333333 33. 3333333333 3133 633 333 333333 3336333333 3333333333.

(55333 3333 3333333 33 6 333 33333333 ’6333333333 333333 133333 3333, ⁸

333 333333 id> 3333 33333333 6333333 33333333 3333 3333333333 33333

33333 3333 3333333333) 33333 3333333333 33 333 3333 3 333 33333.- ,
33333333 33333 33 33333333 33333 33333 33333333 333 33 6333 33333 333 ·

33333 3333333333 3333333 3333333 mit 333333 33333333 3333333 ¹) 3333333333
33333. ’3333333 333333 333 6333333333 33333 333 333 333333 3333333 33333.
333 3333 33333· 33333333 333 333 333333 33333333 3333 [333333 3333333) ²)
3333133333 3333333 33333333 333 3333 uidit 33333333 3333 33 33333333.
33333 3333 3333333333) 3333 333 3333 333333 333333) 3 3333 3333333333 3)
333 3333333 333. 3333 3333 6333 63333 33333 3333333 633333 33 3333

33333 33336 33333. 6333333 3363333 33333 3333 63333 33333 3333 ‘ ,
6333 33333 33333 3333333333 33333 6333333 3333333. 666666666 ι ,

3333333 333333. 3333333333 Epiphaniae 3333333333-333333333. ⁴)

’3333333333 333333. ·

333333333333333. 336333363333333. 6663333333333333333333 ,
33333333 33333 3313333. 5333 6 3333333333 616 6. 33 33333 3333333633.

Ἢ.

’3333333333 33333333 33333333 ,36333 333 353 33333 333 3333333 3333 33 3333
33 ridininss’ 6333333 33333 3333 3633333333 33333333 33333 3. 3333333333 333 333333 3333333
3333333333 33333333. 63 33333 3333333333 333333333333 333333 33333333 333333 33

33333 33333 33333 3333333333 333333. 3. ,3336333333333333333 No. DCCCLXVHw '

Ν ,

 

