⁶ 000 „ 0000

’00000000οο00 ¹) 00 aspicit quid'em. Ego 000 000 verbo 00000

neo aspectu: perpetuo enim invenient, quod 0010000000
· Tu 0000 , 00 pro me 000 Deum. 5. Mart„ Mnxxx.

Τ. Mart. [000000.

Ρο0000000 000000οι antea semel 00000000, sed 0000010000οο
nec 00000 000, literis quicquam profici.

000000 ι ·‚ 00000000

000 000 0000000000 3000000οζ ’

0000000000 00000000, 00 000000 se», 0000 staua 000 000 0900000000
· 00 00000000 0000000000.

m

, 0000000010303000003 0000000. v ¹³. 00000. xxm

xm 000000 000000000000000000 0000000000οπ. 30000000000000
000000000000 00 000000000οτ0 00 0000 000 00000000 000 000
000 000 0000000000 0000000 0000 0000 0000000 000 00000 0000000000
00000 0000 ὶ

&nabe 0000 0000000 00 000000. 00000000000000 0000000000

’ 00000000 0000 000 w. 0 0 000000 000 0000 000

00000 0000) 00000 0000000 00000 0000000000 0000000ομ 000 000 0000
8000000 0000000000 000000 00000 0000000000ηο 000000 00. 000 '¹
0000 00000000 000000 00000 000 00000000 D. 0000000 800000
0000 00000000 0000000ιο 0000000 000 000000 00000000 000 0
000 0000000000 0000 0000000000)οη 000 0000000000 00000000 &ui

. 000 0000000000, 000 0000 00 00000000 000 0000000 000000 00000.

000 (0000000000 000000οι 0000000000 00000 0000. 00000. 0000 00
000 0000000οι 0000000000 0000 00000000 0000000000οι, 0000000
0000000 00000000 00 000000 0000 0000 000 0000000 0000000
000000οί000· 000 0000000000. 00οχ00 00000 000 0000000 000
0000000 00000 000000οι 000 00009 80000000 0000 000 000000 00

, 000000 0000 Obstitit 00000 00000 00000 00 0000 000000 0000

0000000 000 0000000 sou 0000000 000 00000000 000000, 00000

, 000000 90000000. 00000 00000009 00000. 00000. 00000000 0000

00 600. 0000000000. 30000. ‘capud 0000. · .

 

