77777777. Α· 7777777777.Ι
7 777377 7777777 377 77777 7777772777777.Ι . ’

Τ 2 777 7 77 777 77. 7. 77777 7777777777 7777 77777 7777777777 ’777 77777 77777
7 77777777 77 77777 7777777777 777 7777 777727 727. ’

7 .
7777777777. 1777277 27727ἐ771.ῶ7ὶ77777. 111. 757 'taeiv't·xlx.²·m
7 .877.

nun 7777777777 Δ777777777777777 27777777 7777 3777777777
27777777 7777777 777 77777777 nr 3777777 277777 777777 .
7777777777 77777777 77777777, 7777777 6777777777 5777777777

w Γ7777777777777 7777777777. ,

&nabe 777 777777 (iu 277777. 777777 7777 877777777777777 777777
77777777 777 777 7777777777 7777 7777 2777777777 777777 777 78777777 ⁸) .
7 777777 71777 7777777777 7777 (7777 777 777777 777777 77777 777777 777.θ s

77777δ7ἑ7777ε7ξ7777 27777777 7877777777 7777 777777 7777777 777 77777777 ’
7777 7 7

27777777 77777 77 7777 777 777 77777777 7777 7777 7777 77777 7777 ’
77777777, 777 777 777 77777777 7777 777 6777777 777 77777 7777777777
7777777777 777 777777 7777777 7777777 7777777777 777777 77 7777
77777777 7777777 77 7777 777 777777 777 77 7777 77777 777 7777777777
77777777, 7777 777 auia 777 77777 7777 7777. 77777 77 7777 77777 77777Ι ’
2777 777777 7777 77777777 777 777777 77777 77.7777 ’

L„

7277777 777 7777777777 7777777777 27777777777777. 2777727777 , ’ . ’ ι
7525 7277777777 77 7

777777 v ssa ¹

 

