Ι

999 , 999. ’ ¹
99699999999999 ’ , 9999999999.
. 999 999 9999799 99 9999.

99. 99999999, 99999999 99 999999 9999 9999 9999999999 999 999999 9999 99999
69999 99999999 999 999 999 99999 99999999 99999999 9999 9999 99999 999999
699979 999 (Θ 99. 9. 31. 9999 No.1)c‹:chxan›. 9. 9997999 99799 (99999999
9999 999999 99999 799999 9999997999 999 999999 99999999 99999 999 9999999999 999
999999. ’99 999 999999 9999999999 999 9999999999ῑό 99999 999999. 79999999
,9999919999 99999999 9999 so 9999999 99 9999 mutatam 99799999 999.

9999799 &mmmm 99999799 99999 9999 999999 99999999 99 999 9999
999 99 99199 9999 9999 (9999999 99999 9999999999 999. 9999999999
19999 9999999999 &motttmunbc 99 99999999. VI 379 999

. 111. 367 altena. 111. 791. 99999. xlx. 567. ⁰³* ..9979977 nm. 999997

&mmm 99 9999 79 999 99 7999 999 99 9999 99999 &christ 99 799 999 fo 99999
9999 999 999 9999999.

, 27999 999999 89999999 9999799 99 (aaut 9979999999 99999.

&aab 999 999999 99 999999 9999, 9979999 9999 999 9999999

99999. 999 9999919999ιί 7999999999 999999 199999 999999 999
89999999 9999 99999 99 77997999 9999 9999999999 999 9999 999999

“ ,, “ 999 9997999 79 99979 999 &utun 9999999999 99999 999 999999 999

9999 99 99999999 99999 999 nutent 99999999 999999 9999999,
19999999, 999 9999 9999 ’9999 999999 9999999999 999 9999999 999
9999999. 99 999 99999 9999 9999799 999999 9999999999 7999997999
999999 6999999999 999 9999999 999 9999 ’9999 9999 999999 9999
7999 999 9999 9999199999 99999999. 9199 9999 9999 999 999979 99
9997999 {fan 9999 999799 9999999 999999 99 9999 99991999,Ι 799799
9999999999] 99999999999999 anor» 99 79999999, 999 9979 99999

¹ 99999999, 999 fuld) mlut' 99 999 (99999 9979999999 999999 999 999·

1999 99999 99999 999999 tt 999 9999999 99.

99999999 999 9999 99 &christ 99999999 999 9999 997799 99999
999 79999999 999 999979 997 9999 79 9991 99 999 ab 7919999 77999
9999999 9999999999 99999. 999 79 799999 999 999999 999 9999·
9999999 999999 999 99999999 99999999 79799 (99799999 9999999 9999 99

’, ¹- ’ 91 99979999 9999799999 99999999Ι 999 7999779 999999 999 999999 999

’.9999926 9799 77999. 9999999999. 9 99999999 9999999999 999979,ὴῖ

ging'tffimmm 9999 999999 999999 99 9999 99999 9999999999999999 9997
e 99.

 

