8888 ’ -. 888

888 8888888888 8886 8 Q 8888888 8888888888 8888888888 88888
88888 8888. 88888888 888888 888888, 888 888 888888 888 888888 88888

88888 8888888 88888888 88888888 8888 8888888888 8888888888 8888888 .

88 88888 8888888 88 88 8888888888 8888888888 8888888888 8888888.

88888888 Q 8 Q. 8888 88888888 8888888 888 Q 88888 88888888
888888 moute 8888 8888888 88888888 etnam Q 8. Q (88888888 888 ,
88888888 8888888888 8888888 88888888 8888 88 888 fo‘ltheQ 8888.
8888888888 88888 8888 8888 8888888888 8888888888 8888 88888 888 8888888

888888888888888. 8888 8888 8888 8888888888888888888888888 . 1

88888 88888888 11an. 88888. 88888888 888 8888 8888888888 8888888888
8888 88 8888888 Q. 8888. 88888888 888888 888 888888. 888 8888888888
888888 888 8888888 8888188888 888888 8888888888 888 888 Qum 8888 Ι

83888888. 8888 88888 88 8888888888 8888888888 888888, 888888 8888 888888· 8

88888 8888 8888888888 888 888888 888 8888888888 88888888 888888
8888 888888. ¹
. 888888 de una parte, 8881. de assensu.

88888 8888888 688888. 888 Ε. 8. Q 8888 8888888888 8888 88888.
mai. ervte ¹) 888 8888 Q 8. Q. 888888 8888 8888888 8888 Q 8. Q. ’
888 88888888 88888 888888 88 Q 8. Q. ’8888ιί 888 8888 8888888 888
888888 88 8888 88888 88888 8888888888 8888 888888 Q 8. Q. 8888

mit (8888 8888888 888 88888888 8888888 88 Q 8. Q. 88888 88 8888· ·

88888888 8888 888 888888888888 8888 888888 888 888 88888888 8888888
88888 88 8888 8888888888 88 888· 888 8888888888 88888888 88888 88888
8888 88 88888 888 888 888 Qatnu 888 8888888 8888 888888 888
88888888 8888888.

888888. , , ¹ 8888888
888888888888. ’

8, 88888 888 auf ιιι 88888888 88888888 8. ιιι 88888 8888888888 88 ’
8888 88 88888 888888888888 88888.

ιιι-ῃ

888 8888 888888. 888888. 8888. Q. 8885. 8888 88888888 888 888888 88888 888
str ope! Ranner r..p139 8888888888888888 8888888888 8888888888 8888888888
88888. 888888 mentun 888 888888 xxl. 8158

88 zm (8888. tm 8 88888 888 8888888888· 8888 8888888888ιί8.

 

