1111 ’ · ’111

111111111911111111111911111111111111111111111111 ,

11111911111111.111111111111101111111111111111111111111111
1111111 91. 111111 11191 111 11111 11111 111111111111.111 11 11111· ¹
1111111111111111111111111111111111111111111119111111·
11111 111. 11 111111 1111 1111 1111111 1111 11111111 1111111 111111· .
11111 1111 1111 111 11111111 11 1111 111 11111 1119111111. .

9111 1111 6111111111 11111119 111111 11111111 11111111 11111 --
11111 1111111111 11111 1111111 11111 111111 111111 11 1111111 1111111
111 1111 1311111111 1111 1111 11 91 111 (1111111111 11111111 111111
11111111 11111 11111011109111111111 11111 111111 1111111111
1111111111111111111111. 1111111111 1111111111111111 111 1111·
1111111 9111111 11111 111111 1111111111111Ἒ11111 1111111111

1111911111111111111111.11111111111111111111111111111· “
1111 1111 6111191111 1111111111 1111 -

9111111111 111111.
111111111111111111 1111111.χ ’

Ἣ

F.
9111111111191111111.

Dan 11 111111111111111191111111111 11111111111111111111 111111- ’

’ 1111111111 11111111. ’.1111111111 111111111111111111111111111111 -
1111111111111111111 ,, ,

11111111 11111111 111111111111111 ,1111111 1111111111 111 11111 , “

11111111 1111111111 11111111 1111111 111111 11111 1111 111111 111111 ’ ’

11111111 1111111111 111111 11111 111111 111111 111 1111 1111111111 11
111111 1111111111 111111 11111111 111111.

M 1111 111111 611119 111 11111111 1111111 1111111 11111 1111 111· ,
11111111 1111111111111111 1111111 111111 111 111111 111 11191. 1111111 a*
11111111 111111 1111111111 1111111111 111111 111111111111111111111 «

111111111111111111111111111111111161111111111111111116111111· , ’

11111111 1111111111111111 1111111119111111111. 6111111 111 ξ

111111111111111911111111191111111111111111111111111 11111111Ι v ,

1111111111. ‘

111119111111111111119111111111 1111111 611111111111111, ¹

011111911111111111 111111 11111111 1111 1111 11111 11111 1111111 111 ” .
1111111 111 . =

111111.1 Ι11

 

