, 1111. ο 111 ’ v

Θιιαδ ’11111111 11111111. (11111111 11111 1111. 11. 111111
6111111111 111 1811111111 11111111 11 1111111111 11111111 111 11111111
111111 111111111116111111111111111 111 111111 1111 11111111
11111111111111111 1111111111 ff. 11. 111 11111111 1111111111 ,
11111111 1111111111 11111111 11111111 1111111111 11111111 1111 11111
111 e. 111. 11111 111111 1111111111111111111 1111111 111111. 111·
11111111 111 111111 1111 1111111111. 111111 1111111111 11111 111111
11111111 11111 1111111111 11 11111 1111111111 111111 11 1111111111
111 1111111111 1111111111 11111111 111111 1111111 11111111 1111111·
1111 1111111 11111111 111 1111111 1111111 1111111 11111 1111111111

1111. 111111111111111111161111111111111111111111111 ,
11111 111 1111111 11111 11 1111 11111111 111 11 11111111111111111 ’

6111111111 11111 1111111111 1111 111111 111 1. ’(11 111 1111111 - ,
11111111111111111111111111 11111 1111111 111111. 1311111111 1111
11111 1111111111111111 1111 1111111111 1111111111 11111111111111·
1111111 11111 111 611111 111111 1111 111111 1111111 1111 111
1111 11111111 111 1111111111 1111111 11111111 111111 1111 11111 111111
11111111 1111111111 1111 111111 1111111111 11111111 1111111 1111

1111111 1111111111111111111111111111111111111111111111 ’

111111 11111111. 1111111111111111 1111 1111111111 1111111 111
111111 11111111111111 111 1111111111 11111. 11 1111111111 11111

11111111111111111111111111111111111111111111111111111111) ¹ ’

1111 1111111 111111 11111 1111111111 111111111- 111111 1111111111 111

11111111.11111111111111111111111111111111111111111111111111 ⁴ ⁵

e. 1. 11111111 1111111111. 1111111 6111111111 1119

mmm 11111111 111111 ¹

ω--ιιιηιιιι

Β.

9111111 11111 11111111111111111 111 111 11111111 ab·
11111111 11111111 1111. 11.1111111111111111111111111111111111111
1111111111 1111 111 11111111111111111111111111111111 1111111
1111 11111111111111111111 11111111111111111111111111111111 ,
1111111 1111111 11111111111111111111111111111111111111
1111111 1111 11111 11 1111111111 111111 111111 111111 11111111.
6111111111111111111111111(1111111111 11111111 1111111111
1111111111 111111. 1111111111. 11111111111111111 11. 11111111

11111111111111111111111111111111. Ι ,ᾖ

,ΛΞΜ

11 e. 11 Mem.

 

