' ¹1523. , 111· ”
“6111111111111111111111111111111 111111 11111 111111 1111111111 11111 Ι

11111 11111 1111111111 unp 1111 111111 1111 11111,’111111111111,11111111111

1111111111111,1111111111Ξ1111111111111111111111111111111· ’ · ,

11111 amen 1111111111 1111111 1111111111 11111111 mam. 1111111 11111

11111111111111 111111111111111 1111111111111111111111111 1111111116111111 .

1111111111, 1111111111 11111111 &munaus ’1111 1111111111 11111111
11111111 1111111111 111 1111111 11111111 11111 1111111 1111. 111111 11111Ι
1111111 nub 1111111111 1111111111 1111111111 11111111 1111 1111111115 111111

111 eatan 1111111 1111 1111111111. 11111111 1111111 onam 1111111111 1

1 11111111*Ι

 

