‘ . 11529. “ ,999 ’,
99999999. ⁴ ,Μ-9. ΜοΜΜ. .
-, ''mer-flent&

uus 9999999999 999 9999999999 99999999 99999999999 9 999 999999 ob 999,
999 99999999 9999 9999999999 999999199999999 mit 99 999 9999999999999999 999
..9999999999 999999 999. 9999999999 99 9 99. 9999999999. 999

999999 9999999999911,.9.99,Ἒς

’.9999 9999 999199. 999999 99 99991999 999. 9. 999999. 9999. Ι.. 11. 9. 16¹.v 99.
9929999999 9999 999 99999999999.99Ἴ1.99. 9399999199). 9999999999
999 99999999 999 939 9999 9999999999. 99999999 999 9999999 99.

Qut 9999 9999999999 999 999 9999999 999999. 999 ,999 99999999
9999999999. 999 999 99999 999 9999999199 9999999 999 9999 99999999,
9999 99999999 999999. 99 999 ⁴

999999999999991999 9999999999. 9999999.9’999)’919)9999· ¹
9999999 9999 999 99999999 999 9999999 999 99999 999 9999 99999999

99999 9199999 9999. 99 999 9999999999. 919 999 99 999 9991199 999 ,

9999999199 9199999 999 99 9919999 919999 999 999 999999 999 999
9999999 9999 99999999. 999 99991999 99 99999999. 999 999 99999999.
99999 99999 99 999 999999 9999 9999999. 99· 9999999 999 99999 999ἰ
999999· 99999. 999 9999999. 999 ’9999999 999 999999 999 9999999.
Qu 999999 99999 99999 9999999 999 99 19999999 99999999. mie 999 ,
&tabu 999 99199 99999 99999999 999. 999 9999999999 99999999 mit
999999699999 999 9999999 99 Ι99999 99999999, 999 99999 9999

&gemm 9999 99 9991999999. 9999999999. 9999999. 99999 999. 999999· ,ἱ

9999. &maumam 99.. 9999999 999999 999 9999999 [999 9999999 ‹
9999999 999 99999. 99 9999 91999999 999 9999991999 9999999999. 9999 ·
99 99 99999999. 999 9999 9999 9999. 9999999999 99. 99999 99999. 99999
9999 9999 9999999 999. 9999 99999999 99999. 999 999 9999 999999
99999. 999 999 99999999 9991999999. 999 9999999999 9999999. 999
999 999999 &tuot 9999999999. 9999 non est omnium fides 9999999 =
999199 (9 M. 9.3) ’

Sum 999999 9999999199) 999 9999999999 991999. 99999 99 999 .
9999999999 99999 ir} 999999 99 99999999) 999 99 99999 9999 9999.
99999 9999999. 69999. 999999 9999999 9999 999999 9999999 99 9999·
999 9999 9999999. 999 99999999 99999 9999999999 9999. 9999 99 9999.
9999199999 9999 999 69999 999999. mse! 999 6999999999. 99 999

&tm (999 9999 999999 99 99999 9999999999 9999999 (9999999 99999999..
99999ἑ9οἷ9919ἷ9199999999999,69999999999999999ὀό999999 999 “

 

