. 4
’444 4444. , ,

444444 44444444 44444444444444414444444 3444 444 44444 4444444 -
44444444 4444 44444444 4444 unam& 444 444444 444444 444 4444444
444444 444444 44444 4444444 444444 44444 44 444444 444444 44444 44444
44444444. ‘M 444444 4444 44444 44444 44 4444 444 44444444 4444444
444 4444444 4444 444 44444444 344444 44444 444444 4444 &armus

. 344444. 44444 444 344444 444 3444444444444 444 44444 4444444444

. 4444444 ε. 44. 34. 444444 44 4444444 &obn 4444 44444444 44444 444444
44444444 444444 444 44 444444 §lenm 4444 44444444 4444 4444 444444
444444 444444 4444444 inm. 84 3444444444 444 44444 444 44444

4444444444 4544 .

ε. 3. 34.
. 44444444 4344444
4444444444 444444.
4
4

44. 4444444444. , ⁴N0. DCCQXXVII.

· Ι444 4344444444 44444 4444444 44 444444.
“ ¹ 444444444444444 444444. . ’ ¹ 4

&iel 1. 273 3444444. 111518n 34444 xxn. 433 &QX 541.

Dcm 4344444444 644444 4344444444 54444 3444444444 444
3444444 minem 4444444444 644444 4441344444..Ι

&aab 444 44444Ι 44 444444. 3444444444 444444 4444 34 444444444 474

⁴ , 4444 44444444, 4444. 44 444 34. 44 44444 444 444444 4444444444

444444 4444 6444444 44444444 4444 44444 4444444444 444444 44444444 44 4
4444444 44 444 44444 4144444444 344 444 444 44444 444 34444 44444444
’ 444 444 34444444444444 44 4444 44444 14444 444444 444 444 4444444
4444 444 444 44. 44. 444 444 444 4444444444 4714 44444444 44 444444
444444 4444 44 44444 444 44444 4444. 3444 444 44444 4444 444 mit 444444

“ 6444444 444 44444( 444 44 444 44 4444444444 4444444 444444 4) 444 44444

44444 444 4444 444444 4444144444 444444 44 et. 444444 4444444
144447 7(16.τ) &a 4444 444 4444444444 44444444 44 144
444 4444444 444 4444444 44 44444 4444444444 44 44444444

, 4441 4444444444444444 44 444 444444 4444 444 nu 44 4444

“ 4444444 644444 4444444444 44444444 4 44 44444 444 444 444444( (4444

 

