, ι.
. ι777.’ ” , 777·

777 77777 ’7777 77777777 777 777777 777777 7777777 77 7777777 7777777777
77 7777 77777 7777 77 77777 ὃ ·.7777777 777 7777777777 77777777 7777 ·
77 7777 777777 7777777 7777 7777 777 777777 7777 7777777 77777
7777777777.

77777 777 7777 77 7777 7777 7777777 7777777 77777 7777777 77. 1
'77 777 7777 ὃ. 7. 77. (7. 7777777777 777 7777777 77777777 777 7777 x
77 777777 777777 7777 97777777 77777 7777777777 7777 7777777 7777777
ι 777777 777777 77 ,777777 777777 777 77 777777 777 777 7777777
77 777777 7777777 77¹ 7777 7777 7777777 777 7777 777777 777777
77 77777777 77777777 777 677777 77 7777777777. 77777 77 77777 7777777
7777 777 7777777 ,7777 7777777 777 77777777 777777 7777777777
,77777 777 7777777777777 77777777 777 7777 7777 ,777 7777777777
777 7777777 77 77777777 67777777 7777777777 7777777 7777777. 67

777777 7777 777 77 777: 77777 77777777 777 77777777 77 7777 ,

77777177777 777 (7777777 7777777 777777 77.7 67777 7777777
7777777777] 7777 777 7777777 777777 7777777 7777777. Ι
777 3777777 7777777 777 7777 7777777777 77777777 7777, 7777 77777 777 .

,777777 7777777 77 77 777777 777 77777777 777 77777. 777777 77777' s

777 777 67777777777777 7777 777 7777777 777 77777
77.77777 777777 77777 777777 7777 77777777 777777 77777 777777 77777
7777 7777 777777 77777 (7777 7777 777 777777777777 777 7777777777 .
777 77. 7777 777777 777 7777 7777. 7777777777, 77777 77777777
'7777 77 77 777777 777 777777 777 7777 777 777 777777 777777 7777

77 777777 7777777 77 ’

7777 77 7777 7777777 777 7777777777 7777777 7777777 7777 7777 7777

7777 777 ῧ777777 7777777777 77777 777 7777 7777777 77777777 77777
77777 77777777 77 ’77777777 77777777 777 77777777 77777 777.
777 777 7777777777 Porcius Festus Act. 77. ’77777777 77 777 777
777777 777777 7777777 777 777 7777777 7777777777 777777
777 7777 777 7777 77 77777 7377777777 77777777777
7777 7777 7777 777 77777777 77 777777777-7777 777777 7777.
7777. 7777 7777 77777 77777 Gen. 3. 777777 777777 7777777 7777
777777 777 777 77 777 77777 7777 777 77777777 7777777 777 7777 777
77 7777 777777 7777777Ι 77 7777 777777 77777777 77777 777 7777777 777, -
7777 7777 7777777 7777777777 7777 77 777777 77777 777777 77777777
77 77 77777 7777777777 7777777777 77777 7777 777777 777 67777777 777„
77777777 Ι777 77777 777 7777. 7777777 77777777 7777 7777777777
7777777 77777 777 7777777 7777 7777 77777777 7777777 777777 77777777 ι ¹
777 777777777 777 7777777 777 7777 7777777 77 777 7777 777 7777
7777777 77777 7777777777 7ιιι 77777777 7777 777777· 7777 7777777 777 ἱ

 

