” 9999. ⁸ 999
9909999 ’ ’ j Ι   99999999.- ’

99 999 99999· 9999 99999999.

,9999999 9999 9999999999 0909999999999 999 99999999 99 99999999999999
9999999909999999 )

ὅ*

9999 9999 99999. 9999999 99 99999. 99999999. 991. 99999.. 9999 999 909999
xxl. 290 9991999999 999 99999999999990199999.

Dem 9199999909909999 ’5990999999 3999999 999 699999
69999 2999999999 69999099 99 &urbs 99 999 9199999999 999

9999099999 99 9999999099 999 911999099999 3¹¹ 9119999999 ·

99999999 0999909999 ὖ9999.

&aaa 999 99999 99 999999. 999919990909999 9990999999 99999 ’

0999999999 99999 99 999 999 9199999999 999 09999999 99999999 999 , ἱ
,999099999999999 999 999999 9999 9999 999 99999199 999 999 91999999· . “

999999 999 9999999999 899999 99 9999999 999 99909999 099999 99
9999999 9999 99999 99 99999 099 99 99999999 0999999 999 9990 9999999

99919999 999 9. 9. 9. 9. 09 999999 099999 . 99999 99999 99999999 9999 ¹ -
99999 9999999999 999-9. 9. 99. 9. 99999199οι9 9999999999 9999 9999 Α Α
999999 99999 ’99999999 999999 ,9999 99 9999999 999999 99999999. 919 “

’99999999 9999999 999999 99 999999 99999 99 9999999 9999 999999 ,

ff. 99. 99999 99 99 99 99999 999919 99990999 9999999 9999999999ῆηί09

9999999 999999 0999999999 999 999999 99999999 9999 999999 99999 999 . ¹

999 9999999999 99 99999 999999 9 99999 99 9999999 9. fl. 9. 99. 99·

91999999 99 9999. 9999999 999 ,9. ff 99 99 00990999 9999 999 1
999999 9999999 9999999999, 99999 99999 999 99999999 999999 999 99999999 ’ ,
lid) 99999 9999 99 99999 99999. 9. 99. 99 99. 9999999 999 9999999999 -
0999999999 999 999 9999999 99999999 0999999999 999 99999 9999999 ⁴ ·

0999909999 99 99999099. 99999199 999 99999. 99. 9. 99 199999.-
22. 9191091529. . .

9 9 9 9
999990999οε9 · ,

. a 99999. 99999991. · “

'x‘

 

