015290 ⁴ 111 . .
, 1111111111 11111 111 11 1111111111111111111111111 1111 11111

11 1111111 111111 11 11111111 111111 11111 11111 1111 11111111 11111111
1111 11111116111111111 111111111111111111 111 1111111 11 11 111

111111111111111111111111111111111111111111111111111111 1’ Ι

11111111 11111 1111111 &alen 11 1111111.
1111111111 1111111 11 1111 111111 111111181111111111111111

11111111111111111111111111111111111111111111111111111111 ’ “ 1

1111 11111111 111 111111 11111 . 111 ,11111111 11 1111 1111111 11111111

11111111111111111111111111111611111111111111111111111111..

111111111111111 111111 11111 1111 1111111111 11 11111111 11111111

1111111111111111111111111111116111111111 11111 111 11111 ,

11111111111111111111111111111111111111111111111111111 «
1111111111 81111 1111111111 11111111111111111 1111111 111 11111
1111 1111111111111 1111111. 1111 1111111111111111111111111111111
111161111111111111111111111111.1111111111111111111111
111 611111 11111111111111111111111111 111111111 111 111 111
1111111111 11111161111111 11111 1111 61111111 111 1111111111 11111111

11. 611111111111111111111111111111111111111111111111111·κ ’
1111 1111111111111111111111111 11 1111111111 111111 1111111111. 1 ¹

11111 1111 1111111 1111 111111 1111111111 111111. ,
11111 111111 11111111111111111111111111 11 11111111 ,11111 1111

61111111111111111111111111111111111111111111111111111 ¹ ’

1111 111111 11111111111111111111161111111111111111.11111 111
11111 1111111111111111111111111 1111111111 1111111 111111 1111111111
1111 1111 1111111111 111 1111111111111111 1111111111111111111111 ’
1111 11111111 111 111 111111 111 1111 1111 1111 1111111 11111111
1111111 11111 1111 1111 1111111 1111111111 1111111111 1111111111
11111111111111.111111111 1111 1111111111111111111 1111 111111
1111111111 1111111 1111111111 11111 1111111111111111111111
111111111111 1111111111 1111111111111111 1111111 11111 1111111 1111·
11111 1111111111 6111 111111111111111111111111 ,111 111 111111 &un-
111 11111 1111111 1111 111 1111111 111111111111111111111111
1111111111 1111111 1111111111 111111 1111111111111111111 11111111·
,1111 11111 111 11111111111111111 1111111 1111 11111111 11111. 11111
1111 11111 111111 11111111 111111.-

*ww-mu-

 

