15‘26 111

111 1111111 11111) 11111 1111111 111 111 1111111111 1111 1111 111 111
1111111111 11111 11111111 11111 11 111111 1111111 111 11111111 1111111111
111 1111111 (111 111 1111111111 11111111) 11111 11111111 11111 1111
1111 1111 111111 1111 1111111111111111 111 11 1111 11111111111111
11 1111111111 111111 111 11111111 11111 111 11111 11 11111111 131·
1111111 111111 111111 111 11 11 1111111111 11 11111 111111 1111111111
111111 11 1111 11111111 111 111 11111111 111111 11111111111111111 111
3111. Quia tacuit, consentire videtur. &obluat 1111111111
11111 1111111 111 111 11111 11111 1111111111 1111111 111111 111111 11111

1111111111. 1811111111 11111 111111 11111111 111 111111111111111 1 ·

11 1111111111 ,11 1111111311111 111 11111 11111111 1111111 1111
111 111111 11111) 111111 1111111111 1111111 1111 11111111 1111111
1111111111 11111111 11111111111111111111111. 1111111111111111111
011111111111110.111111111111111 Ketha Qucum! 1 1111111111) ²)
111 1111111111 11111 1116. 1 .

1111111111 111111·

11. 1111111111. . ’ ’ 111 1111111111.
111111 1111111111 9111111111.

111111111111 111 111 111 11111111 111111111111111 11111 1111111111 11111111 11111
111 1111111111 1111111111 1111111111 11 11111111.

ι Ι .

11-11111.111519.1111111111511 1111111111 151 1111111. 1311111111. “
11111 11111111 11 1111111111 1111111 111111111111111111111 111 1111111111
1111111111. , ι ¹

(33111 111111111111111111. 11111111111111111111111111111111’

11111111111111 11111111 1 1. 1) 111111111111111111111,, ·

1111111 1111111111111111111111111.1.1.111111111’1111
1111111111111111111111111111111111111 s* · ·
. 11111111111111111111111111111111111111111111111

111 1111111111 111111 111111 1111111. 1111111111 1111111111 1111111111
’ 111111 11111 1111111111 11 1111111111111111 11111 1111111111 111111

1111111 1111111111111, 1111111111111111111 11111 11111 1111111111 , ’

...ι-Μ’

1111111111111111.  

 

