N

111· 1, · 111..

(8111111 1111111 111 611111. 61111111111111111111111111111 ’
1111111 6111111111111 1111116111111111111111111 11111111 ¹
111111111111111 11 1111 11111 111 1111111111) 61111111 1111111111 1111111111

111111111111111111111111111111111111111111111111131111111 - “

1111111111111111111111113)1111)1111111111)1111111111111111111111Ι 1
111111111111 111 111111111111.111111111111111111111) 11111 1111· ’

11111 ’11111 1111111111 11111111 11111111111111111111111111111 ,’

Ι1111111 11 111 1111 1111111111 1111111111) 1111111111 1111 ς111111111111

11111111 1111111111111111111111111111111111 111111 1111 111 1111111111,’ “

111111111111111111111111111111111116111111111111111111111Ι
11111111 1111 61111111 11111 1111111111 111 11 11111 11111111 1111111111,

111 1111111111 11 1111111111 11151 111 11111111 1111111111111111111 -

*111 1111 1111111, 1111 11 1111111 11111111 1111 11 1111111 11111 suni·
11111111 1111 111 1111111111 1111111111 1111 11111 11111 111111111111 11 ’
111 61111111 1111 11111111 111111 111111 1111111111 111 111 111111·
11111 11161111111111111111111111 11111111111111111111111111 11111

11111111111111111111111.11111111111111111111111111111111111 ’ .
1111111 111 111111 111111 611111 111111. 11111 1111 11 11111 1101111 -

1111111111) 1111111 1111111 1111111 11 1111111111111111 1111111111· ’
11111 111111111111111 11111 111 11111111 1111 1111 611111111111
111111.

6111111111 111 11 11111111111111111111111111 11111111 111111 ’

1111111111 1111111 11611111 1111111111 -11111111111111111 1111111111 1111 ·

111111111111111111111111111111111 1111 11111 11 1111111 11111111
111 111111111111111111111. 1111111111111111 111116111111
1111111111111 111 11 1111 61111111 11111111111111111 1111.

111111 111111 1111111111111111111 11111111111161111111111111

11111111111111111111111111111111111111111111111111111111 ² ἵ

11 1111 1111111111 111 11111111 11 11111111 11111111111111111111
1111)11181111111111111111111 111111 111 111111 11 111111 1111111· ·
11111111 111111111111111 111111 1111111 111111111111111111111111 ’
611111 11111111 1111111111111111111111 111, 1111111111111111111’
11111 1111111 111111111111 1111111 111111 11111 111111 11111111) 1111 “

11111111111116111111111111111611111111111111111111 11111, · ’

1111111111111111 1111 11111 1111111111 11111111 111 111111111111111111

w

1111611111. 1111111111 211. 6 111. 111· 6 11111111 1111111111
1111ῑὲ ,11111111 5111. 611111. 6116 111111 11111 11 1116. ·

 

