, ⁴ 6666. ,λ 666
666666· ’ ’ Ν mccc(
66 666666 61666666 66666666. 666666. ¹

666666 666666 6666666666 66666 6666666 6666
, 1

6166 66666616 66666666 6666666666666 666666656666666666 ’
Aa& wit vnglelmcod. Jen. B 24. ιι. f 162.

Dm 66666666 666 3666666666 666666 6116666, (6666 nans·
166 66 6116666666, 66666666 66666666 66666 666Ι 5666666.

Θ· 6666. in 666666. 66666-666666666 666 666 66. o. §mn 31⁸ ἵ

66666666 66666 6666 166 66666 ¹) 666 6666666666 666 6666 666 666666
66666666 666 666 666 66666 6666 666666 61666666· 666 6666666666 16
6666 6666666666, 666 66666 66666 66 6666666666 666666 666666
666 666 6666666666 66666666 666 66666 66666 666 666 m. 61. ’6. 66666666 ³

6666666666 66666666 666 6666666666 66666 6666666 666 tt 666 ,

6666666666 6666 666 66 mit (6666 66666666 66666666, 666 666· ’
6666 66666666 666 6666666666 666666 6666 66666 666 66 gum 6666·
66666666 666666 6666666 666666. 666 1666 6666 666ι 666 nicht 666·
666616 66666 66 66 66666 666 666 6666 666 6666666 66666 6666661666
666666 66 66 6666 6616666 16 666666 tinen, 666 6666 666666 666·

tutes 666 666 666 666 6666666 666 666 6666 66666. 6666 666-66666666 '

6616666 666 6666 66. 66666666 6666 666 666. 666666 aad> cum
temp'ore conceptionis. 866 6666 6666666666 6666 6666661666 666·

66 6666 66 666 6666666666 6666 66 666 6666666 6666666 6666666 “ 1

66661666) ,66666666666666666 66666666666666 66666666 6666.
, · 6616666666 666666.

mam

666666. ἡ , No Decet.. ’ ’ ’
666 301).(8M1bqust)

6666666666 666666 6666666666 66666666 666 66666 66 6666666. ’

aha——

666 Austranum 66. ,6666666666 xx1. 6666. ,

Μ

6) com. 6666. 6666. 6). 6666666. 666666, 66666666.
...μ-,- .

*1666666666 6666666666. coccam. 6666666666.. , ’·

ἱ .

 

