y 1111. 111·

- . ’1111111 111 111 1111111111 11 1111111111 11111111111111111111111·
111111111111111 1111111111 111111111111111 11111 1111111111 111 111 .

1111111111 111 11111111111111111111111111111. 11111 1111111111

. 111 1111111 1111111111 111111 111 111111 (11111111111111 1111111 ‘ ’ =

’ 111111111111111111111111111111111111111111111111111·
, 111111111 1111111111 61111 111111111111 111 1111 1111 111111
8111. 11111. 111111111111111111111111 1111111111 11111118111111

· 1111111 11111 (1111 11111 111 11111 111 111111 1111 111111 1111111
- 111111 11111 111 11111 11111111 11111111111111 1111111111 11111 ·
1111111111111111111111 1111111111111111111 1111111111 1111 11111111
1111 11111111111111 111111.

1111111111 1111111111111111111111111 1111111111 11111111 111

01111111 111 1111111111 11111111 111-11111111 1111111111 111 1311111 x

1111 111 11 1111 1111111 111 111 1119111111111 11111111 111 111111

111111111111111111.111111111111111111111111111111111111 ’ ’

11111 11111111111111111111111111111111 11 1111111111 11111111
111111 11111 111 1111111111 11 11 111111 1111 1111 1111 1111111 11111
11111111 111 111111111111111111111111111 1111 1111111 1111111111
1111111 1111 1111111 11111 1111111111 1111 1111111111 1111Χ ,
11111111.1..11111 111 111111. 1111 1111111111 111111 111

1111111111111111111111111111111111111111111111111111111 ’ 1
111111 111111 11111111111111111111 11111. 1111 1111111 111111 ,

. 11110111111111111111111111111111111111 6111111111 111
¹ 111111 111 111 1111 111 111111 111111111111111111111111111111 1111
,1111111 1111111111 111 1111111111111111111 6111111111 11 11111 1,
1111111111 111111 1111111111 1111 1111 11111111 1111111111 11111111
= 1111 111111 1111111111 1111111 111 11111111 111 11111111 111111. 11111· ,
¹ 111111111111. ’ ’ ⁶

, 1111111111111111111111.1111 1111111111111111, 1111111111 1

11111111 1111 1111111 11111111Ι 111111 111 1111111 111111 11 111111 111111

111 011111111111111 1111 11111111111111111111 (11111111. obn m 4 ,

1111111 111111 1111611111 1111111111 11111111111111111111111.
11111111111111111111111 111111111111111111 1111111111 1111 1111
111111 11111111 11111 111111 1111·Ᾰ11111111111111 111-111 1111111. &a

1111 11 11111 11111111 1111111111 1111111 11111111 1111111111111 111111 v
11111 111 1111111111 111 1111111 111 111111 11111111111111111111111 ’ ’

111111111111111111111111111111111111 1111111111 11111 1111111

1111111111 1111 11111 11111111 111 ’111 111111111111111 1111111 11111 ⁸

11111111111111111111111 11 8111111 1111 1111111 11111111, 11 1
111111111111611111111 = ¹ ¹
111 1111 1 , 11

 

