,, ’4445 ,445

4444445444. lx. 254. 44545. 74347 4444545 w. 437 44444. 44444 554
q 44444444255. 444545455454 444 5 4344. 4455444444

'Qu-nb 444 454444 44 444445. 4444 444 544445 4454554445 5544 54545

5454 4444455544545 4455454455 44445544 455 Qud 554454 544, 44544
455 45454 5444 44545444 5544 ’4544 444445 444 44 444545 444 454544
4455545 5445454455 444554. ·

45554 4445 45444545 4544 4545 555445 4554 445 544444 4444554455
4444 44 4544545 &adun 454455 44544454 455 &utun 4544 44445 4445454
4554445 445544 54 4544 554544 5455 445 44445 44445455 554 544444,
4545 4445454445 445 54 444 (4554544444) 4545 445445 rein 4454545445
,4544 4454544545 45554 5454 55544, 454 455454 554544 545 54555455 5554
544545 4454455454 4555 44 555445 544444 544 54444444 445455 445 45 Ι444
4545 4445 45444544 54544544 4444444445 444554, (4445 454 454545
4444455454. · ,
4445 4554544545 5544454 5454455 44 5544 5455444454 45444554 47444
454 54455444 4544 5445445445 444 4545 65455 4444 4444 5454544544
445444. 4444544 4444 4454545445 454 55 44 44545445445444454 ἱ
554545 5544454 55544 54445 554 454445 4454544454 5455 (5445454555 544
454 64. 4445454 4544455545 45445455544554 (4554444 4544 54444
54544 4454455 0545444555 4554555 4544 454454 445444 445) 4545444
445444, 455445 44544 5544 544444 454 45455455 4445 5444 (4 455. 35 7.).
44455554 4554 455 554 44544445 455455 445 45 445545 444 4554
554 4455445 444, 55445 54545 4554 4544 54444 44544544 44544 454 445 .
455544 444 4554 554 4454445· 44 55544 5454445 5444444 445 4555. nod>
4554444 444 44444 4454445 444 44 55 5444. 4454445 444444 44545 444 44444
45455 45 55445455 445444 4545 44. 4454445454 4544545 454 54 55444445 3
4544 4544 45 45544 45445 5 Ι545 445 44444 55554454 454554. · y
445 45545 45 4544 45 554 445544 4445445 4555 4544 4544 4554454 ·
544 4455444 4444 445444 54444 4545445 444545 5544 4455545445 4445

4444 5444445 44455 4455 454 44444 454 454545 454 445444 4444455 454Ι ’

454 45 4444445 ’5554 4544554545, 44 4554445 ’45444 4444445 444 445Ι 44
54444 5554555445 45 55 4444 454444 4445 544 454 4544444 544 4444544545
44 554455 5445, 545 54544 555554 445 444 44554 445 5544 4444555

44444 444455 5454 44545444, Ι4554555 4544 55445 445444, 54444 45 5554545 .

444 44545445 445454445654455. 445554 4444444445 44444454
65444455. 45 4444445 44445544 4544754455 4554 (45454454.
4454 45454 54544 445545 4455 4454454454 45455 544445 4554555 55444
444 5554454 4445554 454 5454555 445445 4545 445 5454 45454554 544

44455445 54444454, =

4

 

